[gd_scene load_steps=32 format=4 uid="uid://buxknvxe6gbue"]

[ext_resource type="Texture2D" uid="uid://dw4lgn0tf8a5f" path="res://WIPTextures/Orange/texture_09.png" id="1_nnd53"]
[ext_resource type="Script" uid="uid://ddghs8ttnesce" path="res://Pinball/pinballphysics.gd" id="1_vm7tp"]
[ext_resource type="Script" uid="uid://btu0us7icgdi4" path="res://Pinball/pinball.gd" id="2_48gu3"]
[ext_resource type="Texture2D" uid="uid://ckevivcewvv61" path="res://WIPTextures/Purple/texture_09.png" id="4_b44ii"]
[ext_resource type="Texture2D" uid="uid://b87e5o5x8flka" path="res://WIPTextures/Red/texture_09.png" id="5_6ltt8"]
[ext_resource type="Script" uid="uid://66qbl2x4iwkj" path="res://Pinball/bumper1_movement.gd" id="6_fc0ay"]
[ext_resource type="Script" uid="uid://ffy3y40p7knd" path="res://Pinball/bumper2_movement.gd" id="7_n0ksu"]

[sub_resource type="StandardMaterial3D" id="StandardMaterial3D_vm7tp"]
albedo_texture = ExtResource("1_nnd53")

[sub_resource type="BoxShape3D" id="BoxShape3D_7dlyx"]
size = Vector3(2.19664, 1, 2.365631)

[sub_resource type="StandardMaterial3D" id="StandardMaterial3D_fc0ay"]
albedo_texture = ExtResource("4_b44ii")

[sub_resource type="StandardMaterial3D" id="StandardMaterial3D_n0ksu"]
albedo_texture = ExtResource("4_b44ii")

[sub_resource type="StandardMaterial3D" id="StandardMaterial3D_go4m7"]
albedo_texture = ExtResource("4_b44ii")

[sub_resource type="StandardMaterial3D" id="StandardMaterial3D_jliil"]
albedo_texture = ExtResource("4_b44ii")

[sub_resource type="StandardMaterial3D" id="StandardMaterial3D_n4d2f"]
albedo_texture = ExtResource("4_b44ii")

[sub_resource type="StandardMaterial3D" id="StandardMaterial3D_fhbxo"]
albedo_texture = ExtResource("5_6ltt8")

[sub_resource type="StandardMaterial3D" id="StandardMaterial3D_k528o"]
albedo_texture = ExtResource("5_6ltt8")

[sub_resource type="ArrayMesh" id="ArrayMesh_fc0ay"]
_surfaces = [{
"aabb": AABB(0.81746167, 0.054527998, -0.17, 0.20659143, 0.44190478, 0.17),
"attribute_data": PackedByteArray("AAAAAAAAAAAAAIA/AAAAAAAAgD8AAAA+AAAAAAAAwD4AAIA/AADAPgAAgD8AAAA/AACAPwAAAD8AAAAAAAAAPwAAAAAAAMA+AAAAAAAAgD4AAIA/AACAPgAAgD8AAMA+AACAPwAAwD4AAAAAAADAPgAAAAAAAIA+AACAPwAAgD4AAAAAAACAPgAAAAAAAAA+AAAAPwAAAD8AAIA/ACIFP7D0KD/MxSk/sPQoP8zFKT+X1AQ/AACAPwAAAD8AAAA/AAAAAAAAAD4AAIA/AAAAPgAAgD8AAIA+AACAPwAAAD4AAAAAAAAAPgAAAAAAAAAAnxauPszFKT8AAAAAACIFPwAAAD8AAAA/AAAAPwAAAD/SVvY+AACAP58Wrj7MxSk/"),
"format": 34359738391,
"primitive": 3,
"uv_scale": Vector4(0, 0, 0, 0),
"vertex_count": 36,
"vertex_data": PackedByteArray("K0VRP8gZ9T4AAAAAK0VRP8gZ9T57FC6+LBSDP3As/j57FC6+QDx1P+BVtD4AAAAAQDx1P+BVtD57FC6+K0VRP8gZ9T57FC6+K0VRP8gZ9T57FC6+K0VRP8gZ9T4AAAAAQDx1P+BVtD4AAAAAtBSCP8BYXz0AAAAAtBSCP8BYXz17FC6+QDx1P+BVtD57FC6+QDx1P+BVtD57FC6+QDx1P+BVtD4AAAAAtBSCP8BYXz0AAAAAtBSCP8BYXz17FC6+tBSCP8BYXz0AAAAALBSDP3As/j4AAAAALBSDP3As/j57FC6+K0VRP8gZ9T57FC6+QDx1P+BVtD57FC6+QDx1P+BVtD57FC6+tBSCP8BYXz17FC6+LBSDP3As/j57FC6+LBSDP3As/j4AAAAALBSDP3As/j57FC6+tBSCP8BYXz17FC6+LBSDP3As/j57FC6+LBSDP3As/j4AAAAAK0VRP8gZ9T4AAAAAQDx1P+BVtD4AAAAAK0VRP8gZ9T4AAAAALBSDP3As/j4AAAAALBSDP3As/j4AAAAAtBSCP8BYXz0AAAAAQDx1P+BVtD4AAAAA4nXi9f/////ideL1/////+J14vX/////WkOkPP////9aQ6Q8/////1pDpDz/////WkOkPP////9aQ6Q8/////1pDpDz/////9hQIa//////2FAhr//////YUCGv/////9hQIa//////2FAhr//////YUCGv/////xv3Hff/////G/cd9/////8b9x33//////////wAA/7//////AAD/v/////8AAP+//////wAA/7//////AAD/v/////8AAP+/xv3Hff/////G/cd9/////8b9x33/////4nXi9f/////ideL1/////+J14vX//////3//f/7//7//f/9//v//v/9//3/+//+//3//f/7//7//f/9//v//v/9//3/+//+/")
}]

[sub_resource type="BoxShape3D" id="BoxShape3D_nnd53"]
size = Vector3(0.12670898, 0.19335938, 0.055664063)

[sub_resource type="BoxShape3D" id="BoxShape3D_vm7tp"]
size = Vector3(1.830368, 0.040161133, 2.927719)

[sub_resource type="StandardMaterial3D" id="StandardMaterial3D_ut2x7"]
albedo_texture = ExtResource("5_6ltt8")

[sub_resource type="StandardMaterial3D" id="StandardMaterial3D_t2w07"]
albedo_texture = ExtResource("5_6ltt8")

[sub_resource type="SphereMesh" id="SphereMesh_nnd53"]

[sub_resource type="SphereShape3D" id="SphereShape3D_vm7tp"]
radius = 0.05

[sub_resource type="BoxShape3D" id="BoxShape3D_6ltt8"]
size = Vector3(1.3460693, 0.5908203, 1.4537201)

[sub_resource type="PrismMesh" id="PrismMesh_b44ii"]

[sub_resource type="BoxShape3D" id="BoxShape3D_fc0ay"]
size = Vector3(0.17712402, 0.124694824, 0.07287598)

[sub_resource type="CylinderShape3D" id="CylinderShape3D_fc0ay"]
height = 0.0769043
radius = 0.10205078

[sub_resource type="CylinderMesh" id="CylinderMesh_n0ksu"]
top_radius = 2.0
bottom_radius = 2.0

[sub_resource type="StandardMaterial3D" id="StandardMaterial3D_k3b85"]
albedo_texture = ExtResource("5_6ltt8")

[sub_resource type="StandardMaterial3D" id="StandardMaterial3D_84y6x"]

[sub_resource type="Curve3D" id="Curve3D_fc0ay"]
_data = {
"points": PackedVector3Array(0, 0, 0, 0, 0, 0, 0, 0, 0, 0, 0, 0, 0, 0, 0, 0, 0, 0, 0, 0, 0, 0, 0, 0, 0, 0, 0, 0, 0, 0, 0, 0, 0, 0, 0, 0),
"tilts": PackedFloat32Array(0, 0, 0, 0)
}
point_count = 4

[node name="Pinball" type="Node3D"]
transform = Transform3D(1, 0, 0, 0, 1, 0, 0, 0, 1, 0.38907808, 0, 0)
script = ExtResource("1_vm7tp")

[node name="DirectionalLight3D" type="DirectionalLight3D" parent="."]
transform = Transform3D(-0.8660254, -0.43301278, 0.25, 0, 0.49999997, 0.86602545, -0.50000006, 0.75, -0.43301266, 0, 0, 0)
visible = false
light_color = Color(1, 1, 0.87058824, 1)
light_energy = 2.5
shadow_enabled = true
directional_shadow_max_distance = 252.0

[node name="CSGBox3D" type="CSGBox3D" parent="."]
transform = Transform3D(1, 0, 0, 0, 1, 0, 0, 0, 1, -0.23999453, 0, 0)
material = SubResource("StandardMaterial3D_vm7tp")
script = ExtResource("2_48gu3")

[node name="Area3D" type="Area3D" parent="CSGBox3D"]

[node name="CollisionShape3D" type="CollisionShape3D" parent="CSGBox3D/Area3D"]
transform = Transform3D(1, 0, 0, 0, 1, 0, 0, 0, 1, -0.017512918, 0, -0.03138733)
shape = SubResource("BoxShape3D_7dlyx")

[node name="BallCam" type="Camera3D" parent="CSGBox3D"]
transform = Transform3D(1, 0, 0, 0, 0.8167423, 0.5770027, 0, -0.5770027, 0.8167423, -0.05076906, 2.4305356, 1.7815745)
current = true

[node name="MachineFace" type="Node3D" parent="."]
transform = Transform3D(1, 0, 0, 0, 0.9341858, -0.3567869, 0, 0.3567869, 0.9341858, 0, 0, -0.32104158)

[node name="BaseBoard" type="CSGBox3D" parent="MachineFace"]
transform = Transform3D(1, 0, 0, 0, 1, 0, 0, 0, 1, -0.24470448, 1.0680696, -0.32859692)
material_override = SubResource("StandardMaterial3D_fc0ay")
use_collision = true
size = Vector3(1.7967774, 0.1, 2.9179688)

[node name="LeftWall" type="CSGBox3D" parent="MachineFace"]
transform = Transform3D(1, 0, 0, 0, 1, 0, 0, 0, 1, -1.1871762, 1.1700002, -0.3719903)
material_override = SubResource("StandardMaterial3D_n0ksu")
use_collision = true
size = Vector3(0.1, 0.2, 2.9799805)

[node name="RightWall" type="CSGBox3D" parent="MachineFace"]
transform = Transform3D(1, 0, 0, 0, 1, 0, 0, 0, 1, 0.596, 1.17, -0.37345508)
material_override = SubResource("StandardMaterial3D_go4m7")
use_collision = true
size = Vector3(0.1, 0.2, 2.9829102)

[node name="RightWall2" type="CSGBox3D" parent="MachineFace"]
transform = Transform3D(1, 0, 0, 0, 1, 0, 0, 0, 1, 0.39953247, 1.17, -0.084545225)
material_override = SubResource("StandardMaterial3D_go4m7")
use_collision = true
size = Vector3(0.024609376, 0.2, 1.6436157)

[node name="RightWall2" type="CSGBox3D" parent="MachineFace/RightWall2"]
transform = Transform3D(0.013439824, 0.012704968, 0.999829, 0.9995329, -0.027622908, -0.013084859, 0.027451932, 0.99953806, -0.013070247, -0.80938053, 0.1016978, 1.0033679)
material_override = SubResource("StandardMaterial3D_go4m7")
use_collision = true
size = Vector3(0.024609376, 0.36757812, 1.602066)

[node name="TopWall" type="CSGBox3D" parent="MachineFace"]
transform = Transform3D(-4.371139e-08, 0, 1, 0, 1, 0, -1, 0, -4.371139e-08, -0.30901107, 1.175948, -1.8396208)
material_override = SubResource("StandardMaterial3D_jliil")
use_collision = true
size = Vector3(0.1, 0.18574218, 1.7188087)

[node name="BottomWall" type="CSGBox3D" parent="MachineFace"]
transform = Transform3D(-4.371139e-08, 0, 1, 0, 1, 0, -1, 0, -4.371139e-08, -0.3109642, 1.17, 1.0675093)
material_override = SubResource("StandardMaterial3D_n4d2f")
use_collision = true
size = Vector3(0.1, 0.2, 1.7227149)

[node name="FailRamp" type="CSGPolygon3D" parent="MachineFace"]
transform = Transform3D(1, 0, 0, 0, 5.9604645e-08, 1, 0, -1, 5.9604645e-08, -0.47182667, 1.2435939, 1.0811553)
material_override = SubResource("StandardMaterial3D_fhbxo")
use_collision = true
polygon = PackedVector2Array(-0.60311544, 0.007077813, -0.6483104, 0.3062367, 0.874603, 0.10396874, 0.8767142, 0.022047639)
depth = 0.24

[node name="StartRoller" type="CSGPolygon3D" parent="MachineFace"]
transform = Transform3D(1, 0, 0, 0, 5.9604645e-08, 1, 0, -1, 5.9604645e-08, -0.48793262, 1.2295467, -1.3089451)
material_override = SubResource("StandardMaterial3D_k528o")
use_collision = true
polygon = PackedVector2Array(0.81746167, 0.47871232, 1.0240531, 0.49643278, 1.0162568, 0.054527998, 0.9579506, 0.35221767)
depth = 0.17

[node name="CSGBakedMeshInstance3D" type="MeshInstance3D" parent="MachineFace"]
transform = Transform3D(1, 0, 0, 0, 5.9604645e-08, 1, 0, -1, 5.9604645e-08, -0.48793262, 1.2295467, -1.3089451)
mesh = SubResource("ArrayMesh_fc0ay")

[node name="Rebound" type="CSGPolygon3D" parent="MachineFace"]
transform = Transform3D(0.492128, 0.8700944, 0.027307946, -0.07748443, 0.012537107, 0.9969149, 0.8670672, -0.49272558, 0.07358819, -0.58089244, 1.2878064, 0.41896832)
material_override = SubResource("StandardMaterial3D_fhbxo")
use_collision = true
polygon = PackedVector2Array(-0.30692607, 0.058693364, -0.43847767, 0.14303744, -0.048258543, 0.13866568)
depth = 0.24

[node name="Rebound2" type="CSGPolygon3D" parent="MachineFace"]
transform = Transform3D(0.2469585, -0.96876144, 0.022648897, 0.1069763, 0.004025623, -0.9942539, -0.9631037, -0.24796206, -0.10462862, 0.28170234, 1.0709393, -0.10186395)
material_override = SubResource("StandardMaterial3D_fhbxo")
use_collision = true
polygon = PackedVector2Array(-0.30692607, 0.058693364, -0.49094874, 0.19429049, -0.048258543, 0.13866568)
depth = 0.24

[node name="FiringHole" type="Area3D" parent="MachineFace"]

[node name="CollisionShape3D" type="CollisionShape3D" parent="MachineFace/FiringHole"]
transform = Transform3D(1, 0, 0, 0, 1, 0, 0, 0, 1, 0.47515768, 1.1458331, 0.99374604)
shape = SubResource("BoxShape3D_nnd53")

[node name="Screen" type="StaticBody3D" parent="MachineFace"]

[node name="CollisionShape3D" type="CollisionShape3D" parent="MachineFace/Screen"]
transform = Transform3D(1, 0, 0, 0, 1, 0, 0, 0, 1, -0.26769257, 1.2785953, -0.3585131)
shape = SubResource("BoxShape3D_vm7tp")

[node name="CSGPolygon3D" type="CSGPolygon3D" parent="MachineFace"]
transform = Transform3D(0.5, 0, 0, 0, -0.008918136, 0.49992055, 0, -0.49992055, -0.008918136, -0.10439086, 1.2289549, -0.33448073)
polygon = PackedVector2Array(0.5810697, 0.6516964, 0.8208649, 0.93618035, 0.98353124, 1.214225, 1, 0, 0.8839991, 0.12497693, 0.7094302, 0.15071243, 0.5779691, 0.21987885, 0.50333595, 0.4064334)
depth = 0.3

[node name="CSGPolygon3D2" type="CSGPolygon3D" parent="MachineFace"]
transform = Transform3D(0.3, 0, 0, 0, 0.047566354, 0.29620507, 0, -0.29620507, 0.047566354, 0.09220523, 1.203714, -1.0169184)
polygon = PackedVector2Array(0.6743978, 1.4835432, 0.85755706, 1.3473792, 1, 1, 1.0559119, -0.7680011, 0.8796598, -0.4789648, 0.65854657, 1.142889, 0.43799913, 1.3539953, -0.095098376, 1.447012, -0.019886017, 1.5342817, -0.19608903, 1.7212896, 0.23560607, 1.6682758, 0.54434144, 1.6066403)
depth = 0.3

[node name="CSGPolygon3D3" type="CSGPolygon3D" parent="MachineFace"]
transform = Transform3D(0.5938613, -0.079292305, 0.0322731, -0.030544057, 0.015054733, 0.599033, -0.0799743, -0.5945472, 0.010864273, -0.23664269, 1.2631259, -0.7663133)
polygon = PackedVector2Array(0.7132528, 0.39204586, 0.6823869, 0.64879644, 0.5002055, 0.9520446, 0.7448964, 0.887883, 0.8700218, 0.6195194, 0.8020003, 0.14660615, 0.58465433, -0.1831038, 0.5037372, -0.09990841, 0.6407776, 0.14052045)
depth = 0.3

[node name="CSGPolygon3D4" type="CSGPolygon3D" parent="MachineFace"]
transform = Transform3D(1, 0, 0, 0, -0.051098526, 0.9986937, 0, -0.9986937, -0.051098526, -1.0786979, 1.260828, -0.7871783)
material_override = SubResource("StandardMaterial3D_ut2x7")
polygon = PackedVector2Array(-0.050956547, 0.13067257, -0.06019807, 0.9877875, 1.4090588, 0.97897744, 1.1185554, 0.93750405, 0.891645, 0.8672807, 0.6842492, 0.8569367, 0.5249979, 0.92593193, 0.33134136, 0.9257052, 0.16712272, 0.9518707, 0.056716025, 0.9128268, 0.028775632, 0.80831647, 0.016870081, 0.68717957, 0.056802154, 0.5407345, 0.076330066, 0.47388935, 0.048437655, 0.41406703, 0.024442613, 0.29080868, 0.010641217, 0.0454278)
depth = 0.3

[node name="CSGPolygon3D5" type="CSGPolygon3D" parent="MachineFace"]
transform = Transform3D(0.24950391, -0.013882687, 0.007421166, -0.007243773, 0.0033851266, 0.24987209, -0.013976063, -0.24959132, 0.0029761642, -0.86463714, 1.2915207, -0.77317405)
material_override = SubResource("StandardMaterial3D_t2w07")
polygon = PackedVector2Array(0.0302217, 0.94221663, 0.14434719, 1.1695052, 0.24960399, 1.1759859, 0.18926668, 0.5068389, 1.0205841, 0.35408795, 0.270612, 0.306126, -0.03481126, 0.27177012, -0.043975115, 0.70790315)

[node name="Ball" type="RigidBody3D" parent="."]
transform = Transform3D(1, 0, 0, 0, 1, 0, 0, 0, 1, 0.47496384, 0.8099166, 0.9720182)

[node name="MeshInstance3D" type="MeshInstance3D" parent="Ball"]
transform = Transform3D(0.1, 0, 0, 0, 0.1, 0, 0, 0, 0.1, 0, 0, 0)
mesh = SubResource("SphereMesh_nnd53")

[node name="CollisionShape3D" type="CollisionShape3D" parent="Ball"]
shape = SubResource("SphereShape3D_vm7tp")

[node name="Bumper1" type="RigidBody3D" parent="."]
transform = Transform3D(1.4003332, -0.050269824, -0.35489044, -0.11744496, 0.9376045, -0.33877346, 0.52466524, 0.34405062, 0.87136984, -0.45313963, 0.8919387, 0.61057585)
axis_lock_linear_x = true
axis_lock_linear_y = true
axis_lock_linear_z = true
axis_lock_angular_x = true
axis_lock_angular_z = true
mass = 5.0
gravity_scale = 0.0
script = ExtResource("6_fc0ay")
active_angle = -35.0

[node name="CollisionShape3D" type="CollisionShape3D" parent="Bumper1"]
transform = Transform3D(0.14949451, -0.000984415, 0.0028643657, -0.0005774266, -0.16995217, -0.0008350003, 0.012292846, 0.003988477, -0.034873053, -0.004454188, 0.0001257658, 0.003850162)
shape = SubResource("BoxShape3D_6ltt8")

[node name="MeshInstance3D" type="MeshInstance3D" parent="Bumper1"]
transform = Transform3D(-2.1855695e-09, 0.20000003, -4.3711395e-09, 0, -8.742279e-09, -0.10000002, -0.050000004, -8.742278e-09, 1.9106856e-16, -1.4901161e-08, -1.1920929e-07, -2.9802322e-08)
mesh = SubResource("PrismMesh_b44ii")

[node name="LeftBumpArea" type="Area3D" parent="Bumper1"]
transform = Transform3D(-1.0605512, -0.04529413, -0.41023767, 0.1060526, -0.9972831, -0.019847061, -0.17690024, -0.028463062, 0.8715023, -0.015150961, 0.025937896, -0.00083884597)

[node name="CollisionShape3D" type="CollisionShape3D" parent="Bumper1/LeftBumpArea"]
transform = Transform3D(0.9942087, -0.024594605, 0.10463959, 0.018140048, 0.99790597, 0.062205926, -0.105950296, -0.059947312, 0.9925655, -0.0025612414, -0.019623399, -0.016449034)
shape = SubResource("BoxShape3D_fc0ay")

[node name="Bumper2" type="RigidBody3D" parent="."]
transform = Transform3D(-1.3935251, -0.14494212, 0.34047073, -2.2016765e-07, -0.92009515, -0.39169496, 0.5550582, -0.36389098, 0.85478336, -0.048729002, 0.8767477, 0.60838836)
axis_lock_linear_x = true
axis_lock_linear_y = true
axis_lock_linear_z = true
axis_lock_angular_x = true
axis_lock_angular_z = true
mass = 5.0
gravity_scale = 0.0
script = ExtResource("7_n0ksu")

[node name="CollisionShape3D" type="CollisionShape3D" parent="Bumper2"]
transform = Transform3D(0.14857644, 0.008335435, 0.004494049, 0.00735493, -0.16979657, 0.00011071935, 0.019260349, 0.0005375147, -0.034710545, -0.004941888, -0.0024770498, -0.006326735)
shape = SubResource("BoxShape3D_6ltt8")

[node name="MeshInstance3D" type="MeshInstance3D" parent="Bumper2"]
transform = Transform3D(-2.1855697e-09, 0.20000002, -4.371139e-09, 0, -8.742278e-09, -0.10000001, -0.05000001, -8.742278e-09, 1.9106856e-16, -2.2351742e-08, -0.0075776577, -0.0032258332)
mesh = SubResource("PrismMesh_b44ii")

[node name="RightBumpArea" type="Area3D" parent="Bumper2"]

[node name="CollisionShape3D" type="CollisionShape3D" parent="Bumper2/RightBumpArea"]
transform = Transform3D(0.973839, 0.03756995, -0.22412336, -0.036984503, 0.99929315, 0.006807914, 0.22421986, 0.0016613901, 0.9745383, 0.0070079863, -0.02296102, -0.017973095)
shape = SubResource("BoxShape3D_fc0ay")

[node name="Attack Bumper" type="RigidBody3D" parent="."]
transform = Transform3D(1, 0, 0, 0, 0.9398358, -0.3416265, 0, 0.3416265, 0.9398358, -0.30605495, 1.4077826, -0.73626053)

[node name="CollisionShape3D" type="CollisionShape3D" parent="Attack Bumper"]
shape = SubResource("CylinderShape3D_fc0ay")

[node name="Area3D" type="Area3D" parent="Attack Bumper"]

[node name="MeshInstance3D" type="MeshInstance3D" parent="Attack Bumper"]
transform = Transform3D(0.05, 0, 0, 0, 0.05, 0, 0, 0, 0.05, 0, 0, 0)
mesh = SubResource("CylinderMesh_n0ksu")

[node name="Attack Bumper2" type="RigidBody3D" parent="."]
transform = Transform3D(1, 0, 0, 0, 0.9398358, -0.3416265, 0, 0.3416265, 0.9398358, -0.52093816, 1.5446335, -0.9798356)

[node name="CollisionShape3D" type="CollisionShape3D" parent="Attack Bumper2"]
transform = Transform3D(1, 0, 0, 0, 1.000002, -2.682209e-07, 0, 2.682209e-07, 1.000002, 0, 0.013549805, 1.1920929e-07)
shape = SubResource("CylinderShape3D_fc0ay")

[node name="Area3D" type="Area3D" parent="Attack Bumper2"]

[node name="MeshInstance3D" type="MeshInstance3D" parent="Attack Bumper2"]
transform = Transform3D(0.05, 0, 0, 0, 0.05, 0, 0, 0, 0.05, 0, 0, 0)
mesh = SubResource("CylinderMesh_n0ksu")

[node name="Attack Bumper3" type="RigidBody3D" parent="."]
transform = Transform3D(1, 0, 0, 0, 0.9398358, -0.3416265, 0, 0.3416265, 0.9398358, -0.089588046, 1.5446335, -0.9798356)

[node name="CollisionShape3D" type="CollisionShape3D" parent="Attack Bumper3"]
shape = SubResource("CylinderShape3D_fc0ay")

[node name="MeshInstance3D" type="MeshInstance3D" parent="Attack Bumper3"]
transform = Transform3D(0.05, 0, 0, 0, 0.05, 0, 0, 0, 0.05, 0, 0, 0)
mesh = SubResource("CylinderMesh_n0ksu")

[node name="Attack Bumper4" type="RigidBody3D" parent="."]
transform = Transform3D(1, 0, 0, 0, 0.9398358, -0.3416265, 0, 0.3416265, 0.9398358, -0.9035865, 1.6825558, -1.3907555)

[node name="CollisionShape3D" type="CollisionShape3D" parent="Attack Bumper4"]
transform = Transform3D(1, 0, 0, 0, 1.0000002, 0, 0, 0, 1.0000002, 0.024201065, 0.017759204, 0.048856735)
shape = SubResource("CylinderShape3D_fc0ay")

[node name="Area3D" type="Area3D" parent="Attack Bumper4"]

[node name="MeshInstance3D" type="MeshInstance3D" parent="Attack Bumper4"]
transform = Transform3D(0.05, 0, 0, 0, 0.050000016, -3.7252903e-09, 0, 3.7252903e-09, 0.050000016, 0.027046174, 0.034290552, 0.05088842)
mesh = SubResource("CylinderMesh_n0ksu")

[node name="CSGBox3D2" type="CSGPolygon3D" parent="."]
transform = Transform3D(1, 0, 0, 0, 0.24288708, 0.97005457, 0, -0.97005457, 0.24288708, -1.1910789, 0.86063087, 0.8469384)
material_override = SubResource("StandardMaterial3D_k3b85")
use_collision = true
polygon = PackedVector2Array(0.018368542, -0.12581229, 0.0087201595, 0.60728455, 0.52858996, 0.31366193, 0.5574877, -0.11367196)
depth = 0.25
material = SubResource("StandardMaterial3D_84y6x")

[node name="CSGBox3D2" type="CSGPolygon3D" parent="CSGBox3D2"]
transform = Transform3D(-1, 1.9814486e-08, -8.5147676e-08, 1.7763568e-15, 0.97397596, 0.22665127, 8.7422784e-08, 0.22665131, -0.9739759, 1.8495553, 0.04493177, -0.25716162)
material_override = SubResource("StandardMaterial3D_k3b85")
use_collision = true
polygon = PackedVector2Array(0.26448333, 0.11812508, 0.24057156, 0.49869654, 0.52858996, 0.31366193, 0.55117893, 0.11886299)
depth = 0.25
material = SubResource("StandardMaterial3D_84y6x")

[node name="Path3D" type="Path3D" parent="."]
transform = Transform3D(1, 0, 0, 0, 1, 0, 0, 0, 1, -1.0883095, 1.1441839, -0.37523985)
curve = SubResource("Curve3D_fc0ay")

[node name="Elevated Platform" type="CSGPolygon3D" parent="."]
transform = Transform3D(0.22578973, -0.021082059, -0.973948, -0.28223547, 0.9554725, -0.08611255, 0.9323959, 0.29432598, 0.20978566, -0.70365703, 1.376582, -0.56067145)
polygon = PackedVector2Array(0.08441329, -0.11885071, 0.61178017, -0.17328048, 0.077560425, 0.11699462)
depth = 0.2

[node name="CSGBox3D" type="CSGBox3D" parent="Elevated Platform"]
transform = Transform3D(0.9747705, 0.22295383, -0.010674983, -0.2232069, 0.97342706, -0.051170588, -0.0010174066, 0.052262425, 0.99863285, -0.04546237, 0.0813992, 0.07166035)
size = Vector3(0.20947266, 0.080089845, 0.49253845)

[node name="CSGBox3D2" type="CSGBox3D" parent="Elevated Platform"]
transform = Transform3D(0.112970375, -0.099090755, 0.98864543, -0.040502045, 0.99372643, 0.10422933, -0.992774, -0.051816814, 0.10824841, 0.16038942, 0.10801411, 0.29071957)
size = Vector3(0.2512207, 0.080089845, 0.8798485)

[node name="Crane" type="CSGCylinder3D" parent="."]
transform = Transform3D(1, 0, 0, 0, 1, 0, 0, 0, 1, -0.31392574, 1.9485056, -1.6081654)
radius = 0.107421875
height = 0.7086792

[node name="CSGBox3D4" type="CSGBox3D" parent="."]
transform = Transform3D(0.9231641, 0.016066432, -0.38407022, -0.15422536, 0.9306683, -0.33176947, 0.3521116, 0.36551112, 0.8616374, 0.28096813, 1.1699506, -0.12099236)
size = Vector3(0.18276978, 0.111083984, 0.10650635)

[node name="CSGBox3D3" type="CSGBox3D" parent="."]
transform = Transform3D(0.83730364, 0.039270718, 0.545326, 0.16207948, 0.93475336, -0.31617463, -0.52216166, 0.3531204, 0.77630746, -0.5855026, 1.6688939, -1.3569691)
size = Vector3(0.19900513, 0.10864258, 0.10015869)
