[gd_scene format=3 uid="uid://bl2pbbgn05dti"]

[node name="Root Scene"]

[node name="Skeleton3D" parent="RootNode/RobotArmature" index="0"]
bones/7/rotation = Quaternion(-0.030921107, -0.0028561803, -0.0012830487, 0.99951696)
bones/36/rotation = Quaternion(0.9855181, 0.017586295, -0.084284574, 0.1460854)
bones/37/rotation = Quaternion(0.27715442, 1.3188458e-07, -7.681656e-08, 0.9608254)
bones/38/rotation = Quaternion(0.9795267, -0.02574706, 0.13731086, 0.14494924)
bones/39/rotation = Quaternion(0.27715436, -3.053882e-07, 3.9256395e-08, 0.96082544)

[node name="UpperLeg_L" parent="RootNode/RobotArmature/Skeleton3D" index="15"]
transform = Transform3D(0.9851735, 0.059288975, -0.16099302, 0.17126684, -0.2849752, 0.94312567, 0.010037751, -0.9567005, -0.29090866, 0.006302966, 0.0006988953, 0.0150430985)

[node name="LowerLeg_L" parent="RootNode/RobotArmature/Skeleton3D" index="16"]
transform = Transform3D(0.9851736, -0.035563253, -0.16783664, 0.17126657, 0.2611085, 0.95001066, 0.010037908, -0.96466, 0.26331648, 0.006665225, -0.0010423225, 0.009197593)

[node name="UpperLeg_R" parent="RootNode/RobotArmature/Skeleton3D" index="17"]
transform = Transform3D(0.9609658, -0.09024597, 0.26153892, -0.2764626, -0.27689278, 0.92028624, -0.01063369, -0.9566545, -0.29103863, -0.0064330613, 0.0006988961, 0.0150430985)

[node name="LowerLeg_R" parent="RootNode/RobotArmature/Skeleton3D" index="18"]
transform = Transform3D(0.96096593, 0.06291224, 0.26942298, -0.276462, 0.25578493, 0.9263755, -0.010633777, -0.96469027, 0.2631818, -0.0069844695, -0.0009929377, 0.009197874)
